Original array of bytes:

FE 05 00 00 01 00 00 00 00 00 00 00 00 88 C3 44 00 00 00 00 80 D8 12 2E 00 00 00 00 00 00 00 00 00 00 00 00 00 00 00 00 00 00 00 00 00 00 00 00 00 00 00 00 00 00 59 40 00 00 00 00 00 00 59 40 87 0C 00 00 BD 0C 00 00 20 01 00 00 6C 01 00 00 30 F4 47 31 98
CE 05 00 00 01 00 00 00 00 00 00 00 30 7E C5 44 00 00 00 00 80 69 12 2E 00 00 00 00 00 00 00 00 00 00 00 00 00 00 00 00 00 00 00 00 00 00 00 00 00 00 00 00 00 00 59 40 00 00 00 00 00 00 59 40 93 0C 00 00 CD 0C 00 00 13 01 00 00 66 01 00 00 30 F4 47 31 98
35 04 00 00 01 00 00 00 00 00 00 00 30 EE C4 2E 00 00 00 00 08 B6 7F 3F 00 00 00 00 00 00 00 00 00 00 00 00 00 00 00 00 00 00 00 00 00 00 00 00 00 00 00 00 00 00 59 40 00 00 00 00 00 00 59 40 5F 0C 00 00 95 0C 00 00 D3 00 00 00 20 01 00 00 68 EB 5A 1C 78
C9 05 00 00 01 00 00 00 00 00 00 00 E0 4C 4E 08 00 00 00 00 50 3E 7C 3F 00 00 00 00 00 00 00 00 00 00 00 00 00 00 00 00 00 00 00 00 00 00 00 00 00 00 00 00 00 00 59 40 00 00 00 00 00 00 59 40 7B 0A 00 00 B3 0A 00 00 2B 01 00 00 65 01 00 00 D8 E4 5D 2C F0
35 04 00 00 01 00 00 00 00 00 00 00 90 B8 BB 2E 00 00 00 00 60 06 C4 2D 00 00 00 00 00 00 00 00 00 00 00 00 00 00 00 00 00 00 00 00 00 00 00 00 00 00 00 00 00 00 59 40 00 00 00 00 00 00 59 40 C4 0B 00 00 00 0C 00 00 CE 00 00 00 23 01 00 00 B0 8E 2A 1E 50

Total array of bytes: 5
Total wildcards used: 39

Your AoB Pattern:

?? 0? 00 00 01 00 00 00 00 00 00 00 ?0 ?? ?? ?? 00 00 00 00 ?? ?? ?? ?? 00 00 00 00 00 00 00 00 00 00 00 00 00 00 00 00 00 00 00 00 00 00 00 00 00 00 00 00 00 00 59 40 00 00 00 00 00 00 59 40 ?? 0? 00 00 ?? 0? 00 00 ?? 0? 00 00 ?? 01 00 00 ?? ?? ?? ?? ???? ?? ?? A8 E2 79 3F ?? ?? ?? ?? 2C 05 1E 52 00 00 00 00 06 00 00 00 ?? ?? ?? ?? ?? ?? ?? ?? ?? ?? ?? ?? ?? ?? ?? ?? E8 27 D7 2D 00 10 FF FF 14 ?? 08 80                                                                                                                                                                                                                                 