Original array of bytes:

E4 03 00 00 B2 05 00 00 01 00 00 00 00 00 00 00 E0 A3 3B 08 00 00 00 00 40 53 A5 2D 00 00 00 00 00 00 00 00 00 00 00 00 00 00 00 00 00 00 00 00 00 00 00 00 00 00 00 00 00 00 59 40 00 00 00 00 00 00 59 40 76 0D 00 00 BE 0D 00 00 41 01 00 00 A9 01 00 00 B8
17 03 00 00 DD 05 00 00 01 00 00 00 00 00 00 00 80 06 34 08 00 00 00 00 B8 2A C3 2D 00 00 00 00 00 00 00 00 00 00 00 00 00 00 00 00 00 00 00 00 00 00 00 00 00 00 00 00 00 00 59 40 00 00 00 00 00 00 59 40 BC 0D 00 00 FE 0D 00 00 6C 01 00 00 AE 01 00 00 68
93 04 00 00 02 06 00 00 01 00 00 00 00 00 00 00 D0 07 3A 08 00 00 00 00 00 BB A4 2D 00 00 00 00 00 00 00 00 00 00 00 00 00 00 00 00 00 00 00 00 00 00 00 00 00 00 00 00 00 00 59 40 00 00 00 00 00 00 59 40 CE 0D 00 00 14 0E 00 00 72 01 00 00 B8 01 00 00 C8
28 01 00 00 74 05 00 00 01 00 00 00 00 00 00 00 10 D1 3A 08 00 00 00 00 C0 63 A5 2D 00 00 00 00 00 00 00 00 00 00 00 00 00 00 00 00 00 00 00 00 00 00 00 00 00 00 00 00 00 00 59 40 00 00 00 00 00 00 59 40 E2 0D 00 00 2A 0E 00 00 36 01 00 00 9C 01 00 00 80
A1 0A 00 00 4E 05 00 00 01 00 00 00 00 00 00 00 10 B4 3B 08 00 00 00 00 B8 A2 C3 2D 00 00 00 00 00 00 00 00 00 00 00 00 00 00 00 00 00 00 00 00 00 00 00 00 00 00 00 00 00 00 59 40 00 00 00 00 00 00 59 40 95 0E 00 00 D9 0E 00 00 32 01 00 00 93 01 00 00 18
7D 07 00 00 13 06 00 00 01 00 00 00 00 00 00 00 C0 2B 59 2E 00 00 00 00 40 0D 7F 2D 00 00 00 00 00 00 00 00 00 00 00 00 00 00 00 00 00 00 00 00 00 00 00 00 00 00 00 00 00 00 59 40 00 00 00 00 00 00 59 40 67 0E 00 00 A5 0E 00 00 60 01 00 00 B7 01 00 00 10

Total array of bytes: 6
Total wildcards used: 31

Your AoB Pattern:

?? 0? 00 00 ?? 0? 00 00 01 00 00 00 00 00 00 00 ?0 ?? ?? ?? 00 00 00 00 ?? ?? ?? 2D 00 00 00 00 00 00 00 00 00 00 00 00 00 00 00 00 00 00 00 00 00 00 00 00 00 00 00 00 00 00 59 40 00 00 00 00 00 00 59 40 ?? 0? 00 00 ?? 0? 00 00 ?? 01 00 00 ?? 01 00 00 ??